0,482
0,481
0,480
0,479
0,478
0,477
44,5
44,4
44,3
44,2
44,1
44,0
43,4
43,3
43,2
43,1
43,0
42,3
42,2
42,1
42,0
41,3
41,2
41,1
41,0
40,4
40,3
40,2
40,1
40,0
0,476
0,475
0,474
0,473
0,472
0,471
0,243
0,470
39,4
0,469
0,468
0,467
39,3
39,2
0,466
0,465
39,1
39,0
0,464
0,463
0,462
0,461
38,4
0,460
0,459
0,458
38,3
38,2
0,457
0,456
38,1
38,0
0,455
0,454
37,3
37,2
0,453
0,452
37,1
37,0
0,451
0,450
0,449
0,448
0,447
0,446
0,445
0,444
0,443
0,278
0,9
0,442
0,441
0,440
0,439
0,438
0,437
0,436
0,435
0,434
0,433
0,432
0,431
0,430
3,1
3,3
10,272
10,264
10,282
10,284
10,228
10,314
10,290
10,312
11,19
11,2
11,3
9,7
